0
0
0
0
0
0
0
0
0
1
0
0
0
1
3
0
4
3
2
0
7
0
2
3
1
4
1
0
2
0
6
0
3
5
3
2
4
4
7
10
14
10
9
57
72
62
58
48
19
67
44
30
63
51
86
44
27
42
70
90
77
94
51
44
100
69
98
85
96
74
84
80
80
62
45
36
70
82
141
150
136
134
113
108
113
108
128
115
123
143
135
115
91
120
141
169
171
136
167
166
176
182
176
258
185
174
160
158
152
146
144
137
134
129
128
131
128
138
135
129
129
129
119
132
132
132
125
131
132
130
134
130
132
130
121
124
131
128
124
125
119
117
110
109
107
105
103
92
89
87
94
83
85
88
84
80
76
79
69
67
71
71
73
71
70
59
70
62
69
68
70
62
62
71
73
51
57
66
63
59
65
62
69
66
69
61
67
71
72
72
61
71
69
68
77
78
75
72
57
65
62
68
73
76
79
79
81
86
89
92
94
92
93
96
94
89
92
97
102
100
102
102
99
104
110
117
129
136
133
138
145
148
151
158
164
170
169
172
175
179
181
185
186
189
194
197
201
207
209
211
210
215
218
219
213
218
219
223
228
241
252
261
272
276
284
290
298
303
305
303
302
300
301
299
297
298
300
303
305
309
310
310
317
314
312
309
305
309
311
314
316
311
310
306
305
303
301
298
299
302
300
298
297
295
294
295
291
289
292
293
295
301
303
302
299
297
294
293
291
292
289
287
285
282
281
279
280
278
275
273
272
270
271
270
269
265
266
263
262
260
261
259
255
249
238
233
231
229
226
221
218
211
206
201
194
192
180
171
165
159
156
153
152
149
145
142
141
139
138
140
137
136
138
141
140
139
138
137
136
135
136
135
134
133
131
130
129
128
125
123
122
121
120
119
120
119
118
117
116
115
116
115
114
115
114
113
112
111
112
110
109
108
107
105
104
106
105
106
105
104
102
103
101
99
98
98
100
96
97
96
94
92
93
92
91
90
89
89
88
89
88
87
88
88
87
87
86
85
85
86
85
85
86
85
84
86
86
87
87
88
88
89
92
95
98
101
103
103
109
120
129
141
149
160
172
179
185
191
202
210
218
227
233
240
248
255
263
267
275
281
283
285
287
291
294
297
299
303
305
312
315
321
324
329
331
335
338
342
345
346
349
350
352
355
358
360
363
365
368
371
375
378
381
384
386
385
383
382
380
379
377
378
377
379
378
377
377
376
375
374
374
373
371
371
370
370
368
367
367
366
365
364
364
365
365
364
365
365
364
364
365
367
370
372
374
375
378
381
384
386
389
391
392
394
395
397
400
401
402
404
405
407
410
412
415
417
419
422
425
429
432
435
436
447
469
473
480
491
503
508
520
531
539
548
554
560
564
567
570
572
577
580
583
585
590
593
597
601
606
612
619
625
632
635
642
649
653
655
656
655
651
647
645
642
640
637
633
630
626
623
622
620
619
616
612
610
607
604
592
581
573
560
551
539
528
519
510
502
490
483
475
468
445
431
400
365
342
321
299
275
249
234
232
222
201
199
215
200
250
313
353
404
552
592
622
797
957
1221
1656
2484
3223
3277
3399
3433
3992
4697
5354
4900
4400
4416
4443
4513
4997
5004
5107
5110
5159
4705
4201
4034
3967
3854
3719
3408
3218
3118
2948
2784
2615
2587
2497
2405
2373
2295
2222
2151
2082
2011
1963
1648
1343
1018
923
816
741
694
625
602
600
596
591
588
585
581
577
575
571
568
556
542
524
503
487
479
467
458
445
429
414
401
392
378
359
323
291
269
254
237
218
202
194
192
188
189
187
186
185
184
182
181
179
178
175
173
170
169
168
166
159
155
151
146
142
139
135
132
130
127
126
124
122
121
120
118
117
115
114
112
111
109
108
106
105
103
102
101
100
98
97
96
95
94
95
94
93
92
94
92
93
94
92
91
93
93
91
90
93
92
90
89
93
91
89
88
93
90
88
87
93
89
87
86
93
89
86
85
93
98
107
110
115
120
126
131
139
145
153
164
162
164
174
189
217
188
203
207
234
252
228
230
235
232
227
230
236
243
278
